SIZES
  narena                14680064
  nbuffer               425376
  nplugin               0
  maxuse_stack          10408
  maxuse_arena          49328
  maxuse_con            10
  maxuse_efc            58
  solver_nisland        1
  ne                    0
  nf                    18
  nl                    0
  nefc                  42
  nnzJ                  756
  ncon                  6
  nisland               0
  threadpool            0

TIMER
    0:  duration =  0.15       number = 1
    1:  duration =  0.15       number = 1
    2:  duration =  0          number = 0
    3:  duration =  0.13       number = 1
    4:  duration =  0.0041     number = 1
    5:  duration =  0.00083    number = 1
    6:  duration =  0.013      number = 1
    7:  duration =  0.0016     number = 1
    8:  duration =  0.0066     number = 1
    9:  duration =  0.0023     number = 1
    10:  duration =  0.11       number = 1
    11:  duration =  0.0089     number = 1
    12:  duration =  2.9e-05    number = 1
    13:  duration =  0.011      number = 1
    14:  duration =  0.093      number = 1

SOLVER STAT
  solver_nisland = 1
  solver_fwdinv =   0         0       
  ISLAND 0
    solver_niter = 1
    solver_nnz = 324
      0:  improvement =  3.3         gradient =  1.3e-15     lineslope =  0       
          nactive = 42   nchange = 0   neval = 2   nupdate = 0

ENERGY =   0         0       

TIME =  20      

QPOS
   1.2     
  -0.23    
   0.31    
   0.94    
   0.0034  
   0.05    
   0.35    
   0.015   
   0.88    
  -1.6     
  -0.023   
   0.79    
  -1.8     
   0.027   
   0.85    
  -1.7     
  -0.1     
   0.9     
  -1.6     

QVEL
  -0.053   
   0.027   
   0.13    
   0.11    
  -1.3     
  -0.15    
  -0.15    
   0.86    
   0.88    
  -0.14    
   0.0075  
   2.2     
  -0.6     
  -2.8     
   3.4     
  -3.5     
   1.7     
  -5.4     

QACC_WARMSTART
  -0.28    
  -3.1     
   7       
  -11      
  -80      
   0.52    
   14      
  -12      
   1.3e+02 
   21      
   5.6     
   1.3e+02 
   63      
  -1.2e+02 
   5.2e+02 
  -18      
   1.1e+02 
  -1.9e+02 

CTRL
   3.7     
  -5.3     
   11      
   3.7     
  -1.5     
   17      
  -0.36    
  -1.9     
   8.3     
  -2       
   1.5     
  -3.4     

QFRC_APPLIED
   0       
   0       
   0       
   0       
   0       
   0       
   0       
   0       
   0       
   0       
   0       
   0       
   0       
   0       
   0       
   0       
   0       
   0       

XFRC_APPLIED
   0         0         0         0         0         0       
   0         0         0         0         0         0       
   0         0         0         0         0         0       
   0         0         0         0         0         0       
   0         0         0         0         0         0       
   0         0         0         0         0         0       
   0         0         0         0         0         0       
   0         0         0         0         0         0       
   0         0         0         0         0         0       
   0         0         0         0         0         0       
   0         0         0         0         0         0       
   0         0         0         0         0         0       
   0         0         0         0         0         0       
   0         0         0         0         0         0       
   0         0         0         0         0         0       
   0         0         0         0         0         0       
   0         0         0         0         0         0       
   0         0         0         0         0         0       

QACC
  -0.28    
  -3.1     
   7       
  -11      
  -80      
   0.52    
   14      
  -12      
   1.3e+02 
   21      
   5.6     
   1.3e+02 
   63      
  -1.2e+02 
   5.2e+02 
  -18      
   1.1e+02 
  -1.9e+02 

XPOS
   0         0         0       
   1.2      -0.23      0.31    
   1.3      -0.07      0.3     
   1.2       0.003     0.3     
   1.1      -0.11      0.18    
   1.2      -0.016     0.01    
   1.3      -0.14      0.29    
   1.4      -0.21      0.29    
   1.3      -0.32      0.16    
   1.4      -0.21      0.021   
   0.98     -0.32      0.33    
   0.92     -0.25      0.34    
   0.78     -0.35      0.22    
   0.88     -0.25      0.058   
   1        -0.39      0.33    
   1.1      -0.46      0.33    
   0.97     -0.59      0.22    
   1.1      -0.51      0.043   

XQUAT
   1         0         0         0       
   0.94      0.0028    0.052     0.35    
   0.94      0.0098    0.054     0.35    
   0.83     -0.14      0.45      0.32    
   0.89      0.13     -0.29      0.32    
   0.89      0.13     -0.29      0.32    
   0.94     -0.0077    0.048     0.35    
   0.85     -0.14      0.41      0.32    
   0.85      0.16     -0.4       0.31    
   0.85      0.16     -0.4       0.31    
   0.94      0.016     0.056     0.35    
   0.83     -0.13      0.44      0.32    
   0.88      0.15     -0.33      0.31    
   0.88      0.15     -0.33      0.31    
   0.94     -0.043     0.035     0.35    
   0.83     -0.19      0.44      0.3     
   0.89      0.08     -0.29      0.34    
   0.89      0.08     -0.29      0.34    

XMAT
   1         0         0         0         1         0         0         0         1       
   0.75     -0.65      0.098     0.65      0.76      0.03     -0.095     0.041     0.99    
   0.75     -0.65      0.11      0.65      0.76      0.019    -0.095     0.056     0.99    
   0.4      -0.65      0.65      0.4       0.76      0.51     -0.82      0.056     0.56    
   0.63     -0.65     -0.43      0.49      0.76     -0.42      0.6       0.056     0.8     
   0.63     -0.65     -0.43      0.49      0.76     -0.42      0.6       0.056     0.8     
   0.75     -0.65      0.084     0.65      0.76      0.048    -0.095     0.019     1       
   0.47     -0.65      0.6       0.42      0.76      0.5      -0.78      0.019     0.63    
   0.49     -0.65     -0.58      0.4       0.76     -0.51      0.77      0.019     0.63    
   0.49     -0.65     -0.58      0.4       0.76     -0.51      0.77      0.019     0.63    
   0.75     -0.65      0.12      0.65      0.76      0.0088   -0.095     0.069     0.99    
   0.41     -0.65      0.65      0.42      0.76      0.5      -0.81      0.069     0.58    
   0.6      -0.65     -0.48      0.44      0.76     -0.47      0.67      0.069     0.74    
   0.6      -0.65     -0.48      0.44      0.76     -0.47      0.67      0.069     0.74    
   0.75     -0.66      0.035     0.65      0.75      0.1      -0.095    -0.056     0.99    
   0.45     -0.66      0.61      0.33      0.75      0.57     -0.83     -0.056     0.55    
   0.6      -0.66     -0.46      0.56      0.75     -0.34      0.57     -0.056     0.82    
   0.6      -0.66     -0.46      0.56      0.75     -0.34      0.57     -0.056     0.82    

XIPOS
   0         0         0       
   1.2      -0.23      0.31    
   1.3      -0.078     0.3     
   1.2      -0.025     0.29    
   1.1      -0.041     0.065   
   1.2      -0.016     0.0025  
   1.3      -0.15      0.29    
   1.4      -0.21      0.28    
   1.4      -0.24      0.066   
   1.4      -0.21      0.013   
   0.97     -0.33      0.33    
   0.91     -0.28      0.33    
   0.85     -0.28      0.11    
   0.88     -0.25      0.05    
   1        -0.4       0.33    
   1.1      -0.47      0.32    
   1        -0.53      0.099   
   1.1      -0.51      0.035   

XIMAT
   1         0         0         0         1         0         0         0         1       
   0.75     -0.65      0.098     0.65      0.76      0.03     -0.095     0.041     0.99    
  -0.72      0.11      0.69      0.69      0.021     0.72      0.065     0.99     -0.092   
  -0.46     -0.49      0.74      0.88     -0.17      0.44     -0.092     0.86      0.51    
  -0.65     -0.63     -0.42      0.76     -0.5      -0.42      0.053    -0.6       0.8     
  -0.024     0.65      0.76     -0.093    -0.76      0.64      1        -0.056     0.079   
  -0.72      0.086     0.69      0.69      0.05      0.72      0.028     1        -0.095   
  -0.8      -0.25      0.54      0.58     -0.55      0.6       0.15      0.8       0.59    
  -0.64     -0.5      -0.58      0.76     -0.4      -0.51      0.023    -0.77      0.63    
  -0.23      0.65      0.72     -0.22     -0.76      0.61      0.95     -0.019     0.32    
  -0.72      0.12      0.69      0.69      0.011     0.72      0.078     0.99     -0.09    
  -0.46     -0.49      0.74      0.89     -0.18      0.43     -0.075     0.85      0.52    
  -0.65     -0.59     -0.48      0.76     -0.45     -0.47      0.066    -0.67      0.74    
  -0.088     0.65      0.76     -0.16     -0.76      0.63      0.98     -0.069     0.17    
  -0.73      0.037     0.69      0.69      0.11      0.72     -0.047     0.99     -0.1     
  -0.8      -0.22      0.55      0.59     -0.45      0.67      0.096     0.87      0.49    
  -0.65     -0.6      -0.46      0.76     -0.56     -0.34     -0.054    -0.57      0.82    
  -0.073     0.65      0.75      0.011    -0.75      0.66      1         0.056     0.047   

XANCHOR
   1.2      -0.23      0.31    
   1.3      -0.07      0.3     
   1.2       0.003     0.3     
   1.1      -0.11      0.18    
   1.3      -0.14      0.29    
   1.4      -0.21      0.29    
   1.3      -0.32      0.16    
   0.98     -0.32      0.33    
   0.92     -0.25      0.34    
   0.78     -0.35      0.22    
   1        -0.39      0.33    
   1.1      -0.46      0.33    
   0.97     -0.59      0.22    

XAXIS
   0         0         1       
   0.75      0.65     -0.095   
  -0.65      0.76      0.056   
  -0.65      0.76      0.056   
   0.75      0.65     -0.095   
  -0.65      0.76      0.019   
  -0.65      0.76      0.019   
   0.75      0.65     -0.095   
  -0.65      0.76      0.069   
  -0.65      0.76      0.069   
   0.75      0.65     -0.095   
  -0.66      0.75     -0.056   
  -0.66      0.75     -0.056   

GEOM_XPOS
   0         0         0       
   1.2      -0.17      0.3     
   1.3      -0.078     0.3     
   1.2      -0.025     0.29    
   1.1      -0.041     0.065   
   1.2      -0.016     0.0025  
   1.3      -0.15      0.29    
   1.4      -0.21      0.28    
   1.4      -0.24      0.066   
   1.4      -0.21      0.013   
   0.97     -0.33      0.33    
   0.91     -0.28      0.33    
   0.85     -0.28      0.11    
   0.88     -0.25      0.05    
   1        -0.4       0.33    
   1.1      -0.47      0.32    
   1        -0.53      0.099   
   1.1      -0.51      0.035   

GEOM_XMAT
   1         0         0         0         1         0         0         0         1       
   0.13      0.64      0.75      0.022    -0.76      0.65      0.99     -0.067    -0.11    
  -0.72      0.11      0.69      0.69      0.021     0.72      0.065     0.99     -0.092   
  -0.46     -0.49      0.74      0.88     -0.17      0.44     -0.092     0.86      0.51    
  -0.65     -0.63     -0.42      0.76     -0.5      -0.42      0.053    -0.6       0.8     
  -0.024     0.65      0.76     -0.093    -0.76      0.64      1        -0.056     0.079   
  -0.72      0.086     0.69      0.69      0.05      0.72      0.028     1        -0.095   
  -0.8      -0.25      0.54      0.58     -0.55      0.6       0.15      0.8       0.59    
  -0.64     -0.5      -0.58      0.76     -0.4      -0.51      0.023    -0.77      0.63    
  -0.23      0.65      0.72     -0.22     -0.76      0.61      0.95     -0.019     0.32    
  -0.72      0.12      0.69      0.69      0.011     0.72      0.078     0.99     -0.09    
  -0.46     -0.49      0.74      0.89     -0.18      0.43     -0.075     0.85      0.52    
  -0.65     -0.59     -0.48      0.76     -0.45     -0.47      0.066    -0.67      0.74    
  -0.088     0.65      0.76     -0.16     -0.76      0.63      0.98     -0.069     0.17    
  -0.73      0.037     0.69      0.69      0.11      0.72     -0.047     0.99     -0.1     
  -0.8      -0.22      0.55      0.59     -0.45      0.67      0.096     0.87      0.49    
  -0.65     -0.6      -0.46      0.76     -0.56     -0.34     -0.054    -0.57      0.82    
  -0.073     0.65      0.75      0.011    -0.75      0.66      1         0.056     0.047   

LIGHT_XPOS
   0         0         5       
   1         0         3.5     

LIGHT_XDIR
   0         0        -1       
   0         0        -1       

SUBTREE_COM
   1.1      -0.24      0.29    
   1.1      -0.24      0.29    
   1.2      -0.05      0.26    
   1.2      -0.028     0.24    
   1.1      -0.039     0.059   
   1.2      -0.016     0.0025  
   1.3      -0.19      0.26    
   1.4      -0.22      0.23    
   1.4      -0.24      0.06    
   1.4      -0.21      0.013   
   0.93     -0.3       0.3     
   0.9      -0.28      0.27    
   0.86     -0.28      0.1     
   0.88     -0.25      0.05    
   1        -0.45      0.29    
   1.1      -0.48      0.27    
   1        -0.53      0.092   
   1.1      -0.51      0.035   

CDOF
   0         0         0         1         0         0       
   0         0         0         0         1         0       
   0         0         0         0         0         1       
   0.75      0.65     -0.095    -0.015     0.018     0.0014  
  -0.65      0.76      0.041    -0.017    -0.015     0.017   
   0.098     0.03      0.99      0.0094   -0.012    -0.00057 
   0.75      0.65     -0.095    -0.02      0.017    -0.045   
  -0.65      0.76      0.056     0.005    -0.011     0.21    
  -0.65      0.76      0.056     0.09      0.074     0.034   
   0.75      0.65     -0.095    -0.011     0.02      0.048   
  -0.65      0.76      0.019     0.00023  -0.0049    0.21    
  -0.65      0.76      0.019     0.1       0.085     0.044   
   0.75      0.65     -0.095    -0.02      0.017    -0.045   
  -0.65      0.76      0.069    -0.038    -0.016    -0.18    
  -0.65      0.76      0.069     0.048     0.073    -0.35    
   0.75      0.65     -0.095    -0.011     0.02      0.048   
  -0.66      0.75     -0.056    -0.021    -0.031    -0.18    
  -0.66      0.75     -0.056     0.074     0.038    -0.35    

CINERT
   0         0         0         0         0         0         0         0         0         0       
   0.013     0.013     0.011    -0.00071  -0.0016   -0.0011    0.07      0.051     0.11      5       
   0.029     0.015     0.042    -0.02     -0.0009   -0.0012    0.12      0.17      0.0078    1       
   0.051     0.0075    0.055    -0.015    -0.0012   -0.00069   0.064     0.22     -0.00041   1       
   0.027     0.016     0.012     3.4e-06   0.00017   0.013    -0.0013    0.057    -0.065     0.29    
   0.0043    0.0027    0.0016   -0.00014   0.00018   0.0021    0.00062   0.0072   -0.0092    0.032   
   0.0098    0.033     0.042    -0.017    -0.00064  -0.00032   0.18      0.095     0.0037    1       
   0.0042    0.055     0.056    -0.0074    0.0017   -0.00085   0.23      0.028    -0.012     1       
   0.015     0.029     0.014    -0.0004    0.014     0.00043   0.061    -6.4e-05  -0.065     0.29    
   0.0025    0.0044    0.002    -0.00026   0.0022    0.00028   0.008     0.001    -0.0089    0.032   
   0.011     0.035     0.041    -0.016     0.0081    0.0041   -0.18     -0.091     0.046     1       
   0.005     0.06      0.06     -0.0097    0.0075    0.00059  -0.24     -0.037     0.038     1       
   0.011     0.034     0.025    -0.0038   -0.014    -0.0017   -0.083    -0.012    -0.052     0.29    
   0.0018    0.004     0.0022   -0.0001   -0.002    -9.4e-05  -0.0083   -0.00039  -0.0077    0.032   
   0.029     0.017     0.041    -0.019     0.0048    0.0066   -0.12     -0.16      0.041     1       
   0.057     0.0087    0.061    -0.017     0.0014    0.0066   -0.071    -0.23      0.034     1       
   0.036     0.015     0.028    -0.0085   -0.0049   -0.016    -0.028    -0.084    -0.055     0.29    
   0.0045    0.0022    0.0026   -0.00063  -0.00059  -0.0022   -0.0023   -0.0087   -0.0082    0.032   

ACTUATOR_LENGTH
   0.015   
   0.87    
  -1.6     
  -0.023   
   0.79    
  -1.8     
   0.028   
   0.86    
  -1.7     
  -0.098   
   0.89    
  -1.6     

ACTUATOR_MOMENT
   0         0         0         0         0         0         1         0         0         0         0         0         0         0         0         0         0         0       
   0         0         0         0         0         0         0         1         0         0         0         0         0         0         0         0         0         0       
   0         0         0         0         0         0         0         0         1         0         0         0         0         0         0         0         0         0       
   0         0         0         0         0         0         0         0         0         1         0         0         0         0         0         0         0         0       
   0         0         0         0         0         0         0         0         0         0         1         0         0         0         0         0         0         0       
   0         0         0         0         0         0         0         0         0         0         0         1         0         0         0         0         0         0       
   0         0         0         0         0         0         0         0         0         0         0         0         1         0         0         0         0         0       
   0         0         0         0         0         0         0         0         0         0         0         0         0         1         0         0         0         0       
   0         0         0         0         0         0         0         0         0         0         0         0         0         0         1         0         0         0       
   0         0         0         0         0         0         0         0         0         0         0         0         0         0         0         1         0         0       
   0         0         0         0         0         0         0         0         0         0         0         0         0         0         0         0         1         0       
   0         0         0         0         0         0         0         0         0         0         0         0         0         0         0         0         0         1       

CRB
   0         0         0         0         0         0         0         0         0         0       
   0.31      0.35      0.5      -0.14      0.014     0.01      2.8e-15  -2.2e-16   5.3e-16   15      
   0.11      0.041     0.11     -0.035    -0.0018    0.013     0.18      0.46     -0.067     2.4     
   0.082     0.026     0.069    -0.015    -0.0009    0.015     0.063     0.29     -0.074     1.4     
   0.031     0.018     0.014    -0.00014   0.00035   0.015    -0.00067   0.065    -0.074     0.32    
   0.0043    0.0027    0.0016   -0.00014   0.00018   0.0021    0.00062   0.0072   -0.0092    0.032   
   0.032     0.12      0.11     -0.025     0.017    -0.00046   0.48      0.12     -0.082     2.4     
   0.022     0.088     0.072    -0.0081    0.018    -0.00014   0.3       0.029    -0.086     1.4     
   0.018     0.033     0.016    -0.00066   0.016     0.00071   0.069     0.00096  -0.073     0.32    
   0.0025    0.0044    0.002    -0.00026   0.0022    0.00028   0.008     0.001    -0.0089    0.032   
   0.029     0.13      0.13     -0.03     -0.00088   0.0029   -0.51     -0.14      0.025     2.4     
   0.018     0.099     0.087    -0.014    -0.009    -0.0012   -0.33     -0.049    -0.021     1.4     
   0.013     0.038     0.027    -0.0039   -0.016    -0.0018   -0.091    -0.012    -0.06      0.32    
   0.0018    0.004     0.0022   -0.0001   -0.002    -9.4e-05  -0.0083   -0.00039  -0.0077    0.032   
   0.13      0.042     0.13     -0.046     0.00075  -0.0047   -0.22     -0.49      0.012     2.4     
   0.098     0.026     0.091    -0.027    -0.0041   -0.011    -0.1      -0.33     -0.029     1.4     
   0.041     0.017     0.03     -0.0091   -0.0055   -0.018    -0.031    -0.093    -0.063     0.32    
   0.0045    0.0022    0.0026   -0.00063  -0.00059  -0.0022   -0.0023   -0.0087   -0.0082    0.032   

QM
   15        0         0        -0.23     -0.24      0.14     -0.048    -0.066    -0.031    -0.068    -0.065    -0.024    -0.045    -0.064    -0.029    -0.065    -0.068    -0.029   
   0         15        0         0.27     -0.22     -0.17      0.073    -0.06     -0.024     0.063    -0.057    -0.019     0.07     -0.059    -0.021     0.059    -0.056    -0.027   
   0         0         15        0.02      0.25     -0.0084    0.12      0.05     -0.03     -0.11      0.037    -0.039     0.12      0.046    -0.034    -0.11      0.052    -0.029   
  -0.23      0.27      0.02      0.21     -0.00062  -0.017     0.038     0.0058   -0.0048    0.035    -0.004     0.0059    0.037     0.0052   -0.0053    0.038    -0.0062    0.0047  
  -0.24     -0.22      0.25     -0.00062   0.49     -0.0002   -0.018     0.019     0.015     0.019     0.018     0.015     0.026     0.033     0.00048  -0.027     0.035     0.002   
   0.14     -0.17     -0.0084   -0.017    -0.0002    0.51      0.012     0.013     0.0053    0.014    -0.013    -0.0041   -0.022     0.014     0.0046   -0.022    -0.017    -0.0055  
  -0.048     0.073     0.12      0.038    -0.018     0.012     0.043     0.0039   -0.0033    0         0         0         0         0         0         0         0         0       
  -0.066    -0.06      0.05      0.0058    0.019     0.013     0.0039    0.037     0.0086    0         0         0         0         0         0         0         0         0       
  -0.031    -0.024    -0.03     -0.0048    0.015     0.0053   -0.0033    0.0086    0.019     0         0         0         0         0         0         0         0         0       
  -0.068     0.063    -0.11      0.035     0.019     0.014     0         0         0         0.04     -0.0027    0.004     0         0         0         0         0         0       
  -0.065    -0.057     0.037    -0.004     0.018    -0.013     0         0         0        -0.0027    0.034     0.0069    0         0         0         0         0         0       
  -0.024    -0.019    -0.039     0.0059    0.015    -0.0041    0         0         0         0.004     0.0069    0.019     0         0         0         0         0         0       
  -0.045     0.07      0.12      0.037     0.026    -0.022     0         0         0         0         0         0         0.042     0.0035   -0.0036    0         0         0       
  -0.064    -0.059     0.046     0.0052    0.033     0.014     0         0         0         0         0         0         0.0035    0.036     0.0078    0         0         0       
  -0.029    -0.021    -0.034    -0.0053    0.00048   0.0046    0         0         0         0         0         0        -0.0036    0.0078    0.019     0         0         0       
  -0.065     0.059    -0.11      0.038    -0.027    -0.022     0         0         0         0         0         0         0         0         0         0.043    -0.0041    0.0031  
  -0.068    -0.056     0.052    -0.0062    0.035    -0.017     0         0         0         0         0         0         0         0         0        -0.0041    0.038     0.0087  
  -0.029    -0.027    -0.029     0.0047    0.002    -0.0055    0         0         0         0         0         0         0         0         0         0.0031    0.0087    0.019   

QLD
   14       -0.0037    0.0089   -0.39     -0.13      0.23     -1.1      -1.5      -1.6      -1.8      -1.8      -1.2      -1.1      -1.6      -1.5      -1.7      -1.6      -1.5     
  -0.0037    14        0.0076    0.46     -0.15     -0.31      1.9      -1.5      -1.2       1.6      -1.6      -1         1.8      -1.5      -1.1       1.4      -1.3      -1.4     
   0.0089    0.0076    13        0.018     0.33      0.0073    2.5       1.9      -1.6      -2.3       1.6      -2         2.6       1.8      -1.8      -2.3       1.9      -1.5     
  -0.39      0.46      0.018     0.077     0.00074  -0.0098    0.87      0.24     -0.25      0.86     -0.2       0.31      0.87      0.23     -0.28      0.87     -0.25      0.24    
  -0.13     -0.15      0.33      0.00074   0.35      0.0022   -0.43      0.37      0.79      0.44      0.41      0.78      0.53      1         0.025    -0.53      1         0.1     
   0.23     -0.31      0.0073   -0.0098    0.0022    0.46      0.27      0.33      0.28      0.34     -0.37     -0.21     -0.56      0.37      0.24     -0.56     -0.42     -0.28    
  -1.1       1.9       2.5       0.87     -0.43      0.27      0.041     0.16     -0.17      0         0         0         0         0         0         0         0         0       
  -1.5      -1.5       1.9       0.24      0.37      0.33      0.16      0.034     0.45      0         0         0         0         0         0         0         0         0       
  -1.6      -1.2      -1.6      -0.25      0.79      0.28     -0.17      0.45      0.019     0         0         0         0         0         0         0         0         0       
  -1.8       1.6      -2.3       0.86      0.44      0.34      0         0         0         0.039    -0.13      0.21      0         0         0         0         0         0       
  -1.8      -1.6       1.6      -0.2       0.41     -0.37      0         0         0        -0.13      0.032     0.36      0         0         0         0         0         0       
  -1.2      -1        -2         0.31      0.78     -0.21      0         0         0         0.21      0.36      0.019     0         0         0         0         0         0       
  -1.1       1.8       2.6       0.87      0.53     -0.56      0         0         0         0         0         0         0.04      0.15     -0.19      0         0         0       
  -1.6      -1.5       1.8       0.23      1         0.37      0         0         0         0         0         0         0.15      0.033     0.4       0         0         0       
  -1.5      -1.1      -1.8      -0.28      0.025     0.24      0         0         0         0         0         0        -0.19      0.4       0.019     0         0         0       
  -1.7       1.4      -2.3       0.87     -0.53     -0.56      0         0         0         0         0         0         0         0         0         0.041    -0.16      0.16    
  -1.6      -1.3       1.9      -0.25      1        -0.42      0         0         0         0         0         0         0         0         0        -0.16      0.034     0.45    
  -1.5      -1.4      -1.5       0.24      0.1      -0.28      0         0         0         0         0         0         0         0         0         0.16      0.45      0.019   

QLDIAGINV
   0.073   
   0.073   
   0.077   
   13      
   2.8     
   2.2     
   24      
   30      
   52      
   26      
   32      
   52      
   25      
   31      
   52      
   24      
   30      
   52      

QLDIAGSQRTINV
   0.27    
   0.27    
   0.28    
   3.6     
   1.7     
   1.5     
   4.9     
   5.5     
   7.2     
   5.1     
   5.6     
   7.2     
   5       
   5.5     
   7.2     
   4.9     
   5.4     
   7.2     

D_rownnz              18 18 18 18 18 18 9 9 9 9 9 9 9 9 9 9 9 9

D_rowadr              0 18 36 54 72 90 108 117 126 135 144 153 162 171 180 189 198 207

D_colind              0 1 2 3 4 5 6 7 8 9 10 11 12 13 14 15 16 17 0 1 2 3 4 5 6 7 8 9 10 11 12 13 14 15 16 17 0 1 2 3 4 5 6 7 8 9 10 11 12 13 14 15 16 17 0 1 2 3 4 5 6 7 8 9 10 11 12 13 14 15 16 17 0 1 2 3 4 5 6 7 8 9 10 11 12 13 14 15 16 17 0 1 2 3 4 5 6 7 8 9 10 11 12 13 14 15 16 17 0 1 2 3 4 5 6 7 8 0 1 2 3 4 5 6 7 8 0 1 2 3 4 5 6 7 8 0 1 2 3 4 5 9 10 11 0 1 2 3 4 5 9 10 11 0 1 2 3 4 5 9 10 11 0 1 2 3 4 5 12 13 14 0 1 2 3 4 5 12 13 14 0 1 2 3 4 5 12 13 14 0 1 2 3 4 5 15 16 17 0 1 2 3 4 5 15 16 17 0 1 2 3 4 5 15 16 17

B_rownnz              18 18 9 9 9 9 9 9 9 9 9 9 9 9 9 9 9 9

B_rowadr              0 18 36 45 54 63 72 81 90 99 108 117 126 135 144 153 162 171

B_colind              0 1 2 3 4 5 6 7 8 9 10 11 12 13 14 15 16 17 0 1 2 3 4 5 6 7 8 9 10 11 12 13 14 15 16 17 0 1 2 3 4 5 6 7 8 0 1 2 3 4 5 6 7 8 0 1 2 3 4 5 6 7 8 0 1 2 3 4 5 6 7 8 0 1 2 3 4 5 9 10 11 0 1 2 3 4 5 9 10 11 0 1 2 3 4 5 9 10 11 0 1 2 3 4 5 9 10 11 0 1 2 3 4 5 12 13 14 0 1 2 3 4 5 12 13 14 0 1 2 3 4 5 12 13 14 0 1 2 3 4 5 12 13 14 0 1 2 3 4 5 15 16 17 0 1 2 3 4 5 15 16 17 0 1 2 3 4 5 15 16 17 0 1 2 3 4 5 15 16 17

QDERIV
   0         0         0         0         0         0         0         0         0         0         0         0         0         0         0         0         0         0       
   0         0         0         0         0         0         0         0         0         0         0         0         0         0         0         0         0         0       
   0         0         0         0         0         0         0         0         0         0         0         0         0         0         0         0         0         0       
   0         0         0         0         0         0         0         0         0         0         0         0         0         0         0         0         0         0       
   0         0         0         0         0         0         0         0         0         0         0         0         0         0         0         0         0         0       
   0         0         0         0         0         0         0         0         0         0         0         0         0         0         0         0         0         0       
   0         0         0         0         0         0         0         0         0         0         0         0         0         0         0         0         0         0       
   0         0         0         0         0         0         0         0         0         0         0         0         0         0         0         0         0         0       
   0         0         0         0         0         0         0         0         0         0         0         0         0         0         0         0         0         0       
   0         0         0         0         0         0         0         0         0         0         0         0         0         0         0         0         0         0       
   0         0         0         0         0         0         0         0         0         0         0         0         0         0         0         0         0         0       
   0         0         0         0         0         0         0         0         0         0         0         0         0         0         0         0         0         0       
   0         0         0         0         0         0         0         0         0         0         0         0         0         0         0         0         0         0       
   0         0         0         0         0         0         0         0         0         0         0         0         0         0         0         0         0         0       
   0         0         0         0         0         0         0         0         0         0         0         0         0         0         0         0         0         0       
   0         0         0         0         0         0         0         0         0         0         0         0         0         0         0         0         0         0       
   0         0         0         0         0         0         0         0         0         0         0         0         0         0         0         0         0         0       
   0         0         0         0         0         0         0         0         0         0         0         0         0         0         0         0         0         0       

QLU
   0         0         0         0         0         0         0         0         0         0         0         0         0         0         0         0         0         0       
   0         0         0         0         0         0         0         0         0         0         0         0         0         0         0         0         0         0       
   0         0         0         0         0         0         0         0         0         0         0         0         0         0         0         0         0         0       
   0         0         0         0         0         0         0         0         0         0         0         0         0         0         0         0         0         0       
   0         0         0         0         0         0         0         0         0         0         0         0         0         0         0         0         0         0       
   0         0         0         0         0         0         0         0         0         0         0         0         0         0         0         0         0         0       
   0         0         0         0         0         0         0         0         0         0         0         0         0         0         0         0         0         0       
   0         0         0         0         0         0         0         0         0         0         0         0         0         0         0         0         0         0       
   0         0         0         0         0         0         0         0         0         0         0         0         0         0         0         0         0         0       
   0         0         0         0         0         0         0         0         0         0         0         0         0         0         0         0         0         0       
   0         0         0         0         0         0         0         0         0         0         0         0         0         0         0         0         0         0       
   0         0         0         0         0         0         0         0         0         0         0         0         0         0         0         0         0         0       
   0         0         0         0         0         0         0         0         0         0         0         0         0         0         0         0         0         0       
   0         0         0         0         0         0         0         0         0         0         0         0         0         0         0         0         0         0       
   0         0         0         0         0         0         0         0         0         0         0         0         0         0         0         0         0         0       
   0         0         0         0         0         0         0         0         0         0         0         0         0         0         0         0         0         0       
   0         0         0         0         0         0         0         0         0         0         0         0         0         0         0         0         0         0       
   0         0         0         0         0         0         0         0         0         0         0         0         0         0         0         0         0         0       

CONTACT
  0:
     dim           3
     geoms         floor : 4
     exclude       0
     efc_address   18
     solref         0.02      1       
     solimp         0.9       0.95      0.001     0.5       2       
     dist          -0.012   
     includemargin  0       
     pos            1.2      -0.022    -0.0061  
     frame          0         0         1         0         1         0        -1         0         0       
     friction       1         1         0.005     0.0001    0.0001  
     mu             1       
  1:
     dim           3
     geoms         floor : 5
     exclude       0
     efc_address   22
     solref         0.02      1       
     solimp         0.9       0.95      0.001     0.5       2       
     dist          -0.012   
     includemargin  0       
     pos            1.2      -0.02     -0.0062  
     frame          0         0         1         0         1         0        -1         0         0       
     friction       1         1         0.005     0.0001    0.0001  
     mu             1       
  2:
     dim           3
     geoms         floor : 8
     exclude       0
     efc_address   26
     solref         0.02      1       
     solimp         0.9       0.95      0.001     0.5       2       
     dist          -0.0027  
     includemargin  0       
     pos            1.4      -0.21     -0.0013  
     frame          0         0         1         0         1         0        -1         0         0       
     friction       1         1         0.005     0.0001    0.0001  
     mu             1       
  3:
     dim           3
     geoms         floor : 9
     exclude       0
     efc_address   30
     solref         0.02      1       
     solimp         0.9       0.95      0.001     0.5       2       
     dist          -0.0027  
     includemargin  0       
     pos            1.4      -0.21     -0.0014  
     frame          0         0         1         0         1         0        -1         0         0       
     friction       1         1         0.005     0.0001    0.0001  
     mu             1       
  4:
     dim           3
     geoms         1 : 3
     exclude       0
     efc_address   34
     solref         0.02      1       
     solimp         0.9       0.95      0.001     0.5       2       
     dist          -0.0071  
     includemargin  0       
     pos            1.2      -0.068     0.31    
     frame         -0.45      0.89      0.017     0.0078   -0.015     1         0.89      0.45      0       
     friction       1         1         0.005     0.0001    0.0001  
     mu             1       
  5:
     dim           3
     geoms         1 : 7
     exclude       0
     efc_address   38
     solref         0.02      1       
     solimp         0.9       0.95      0.001     0.5       2       
     dist          -0.0075  
     includemargin  0       
     pos            1.3      -0.2       0.3     
     frame          0.81     -0.58     -0.062     0.05     -0.036     1        -0.59     -0.81      0       
     friction       1         1         0.005     0.0001    0.0001  
     mu             1       

EFC_TYPE
  1
  1
  1
  1
  1
  1
  1
  1
  1
  1
  1
  1
  1
  1
  1
  1
  1
  1
  6
  6
  6
  6
  6
  6
  6
  6
  6
  6
  6
  6
  6
  6
  6
  6
  6
  6
  6
  6
  6
  6
  6
  6

EFC_ID
  0
  1
  2
  3
  4
  5
  6
  7
  8
  9
  10
  11
  12
  13
  14
  15
  16
  17
  0
  0
  0
  0
  1
  1
  1
  1
  2
  2
  2
  2
  3
  3
  3
  3
  4
  4
  4
  4
  5
  5
  5
  5

EFC_J
   1         0         0         0         0         0         0         0         0         0         0         0         0         0         0         0         0         0       
   0         1         0         0         0         0         0         0         0         0         0         0         0         0         0         0         0         0       
   0         0         1         0         0         0         0         0         0         0         0         0         0         0         0         0         0         0       
   0         0         0         1         0         0         0         0         0         0         0         0         0         0         0         0         0         0       
   0         0         0         0         1         0         0         0         0         0         0         0         0         0         0         0         0         0       
   0         0         0         0         0         1         0         0         0         0         0         0         0         0         0         0         0         0       
   0         0         0         0         0         0         1         0         0         0         0         0         0         0         0         0         0         0       
   0         0         0         0         0         0         0         1         0         0         0         0         0         0         0         0         0         0       
   0         0         0         0         0         0         0         0         1         0         0         0         0         0         0         0         0         0       
   0         0         0         0         0         0         0         0         0         1         0         0         0         0         0         0         0         0       
   0         0         0         0         0         0         0         0         0         0         1         0         0         0         0         0         0         0       
   0         0         0         0         0         0         0         0         0         0         0         1         0         0         0         0         0         0       
   0         0         0         0         0         0         0         0         0         0         0         0         1         0         0         0         0         0       
   0         0         0         0         0         0         0         0         0         0         0         0         0         1         0         0         0         0       
   0         0         0         0         0         0         0         0         0         0         0         0         0         0         1         0         0         0       
   0         0         0         0         0         0         0         0         0         0         0         0         0         0         0         1         0         0       
   0         0         0         0         0         0         0         0         0         0         0         0         0         0         0         0         1         0       
   0         0         0         0         0         0         0         0         0         0         0         0         0         0         0         0         0         1       
   0         1         1         0.39     -0.35      0.056     0.35     -0.15     -0.24      0         0         0         0         0         0         0         0         0       
   0        -1         1        -0.085     0.067    -0.015    -0.13      0.25     -0.0059    0         0         0         0         0         0         0         0         0       
  -1         0         1         0.34      0.11      0.24      0.3       0.29      0.025     0         0         0         0         0         0         0         0         0       
   1         0         1        -0.032    -0.39     -0.2      -0.083    -0.18     -0.27      0         0         0         0         0         0         0         0         0       
   0         1         1         0.39     -0.35      0.059     0.35     -0.15     -0.24      0         0         0         0         0         0         0         0         0       
   0        -1         1        -0.085     0.064    -0.018    -0.13      0.25     -0.0092    0         0         0         0         0         0         0         0         0       
  -1         0         1         0.34      0.11      0.24      0.3       0.28      0.022     0         0         0         0         0         0         0         0         0       
   1         0         1        -0.032    -0.39     -0.2      -0.083    -0.18     -0.27      0         0         0         0         0         0         0         0         0       
   0         1         1         0.078    -0.38      0.26      0         0         0         0.13     -0.19     -0.26      0         0         0         0         0         0       
   0        -1         1        -0.35      0.0057   -0.27      0         0         0        -0.31      0.19     -0.061     0         0         0         0         0         0       
  -1         0         1         0.065     0.051     0.023     0         0         0         0.11      0.23     -0.04      0         0         0         0         0         0       
   1         0         1        -0.34     -0.43     -0.033     0         0         0        -0.29     -0.22     -0.28      0         0         0         0         0         0       
   0         1         1         0.079    -0.38      0.26      0         0         0         0.13     -0.19     -0.26      0         0         0         0         0         0       
   0        -1         1        -0.35      0.0058   -0.27      0         0         0        -0.31      0.19     -0.061     0         0         0         0         0         0       
  -1         0         1         0.066     0.051     0.023     0         0         0         0.11      0.23     -0.039     0         0         0         0         0         0       
   1         0         1        -0.34     -0.43     -0.033     0         0         0        -0.29     -0.22     -0.28      0         0         0         0         0         0       
   0         0         0         0         0         0         0.037     0.045     0         0         0         0         0         0         0         0         0         0       
   0         0         0         0         0         0        -0.044    -0.045     0         0         0         0         0         0         0         0         0         0       
   0         0         0         0         0         0         0.0016    0.0076    0         0         0         0         0         0         0         0         0         0       
   0         0         0         0         0         0        -0.0083   -0.0076    0         0         0         0         0         0         0         0         0         0       
   0         0         0         0         0         0         0         0         0        -0.035     0.045     0         0         0         0         0         0         0       
   0         0         0         0         0         0         0         0         0         0.045    -0.045     0         0         0         0         0         0         0       
   0         0         0         0         0         0         0         0         0         0.0096   -0.0081    0         0         0         0         0         0         0       
   0         0         0         0         0         0         0         0         0         0.00045   0.0081    0         0         0         0         0         0         0       

EFC_POS
   0       
   0       
   0       
   0       
   0       
   0       
   0       
   0       
   0       
   0       
   0       
   0       
   0       
   0       
   0       
   0       
   0       
   0       
  -0.012   
  -0.012   
  -0.012   
  -0.012   
  -0.012   
  -0.012   
  -0.012   
  -0.012   
  -0.0027  
  -0.0027  
  -0.0027  
  -0.0027  
  -0.0027  
  -0.0027  
  -0.0027  
  -0.0027  
  -0.0071  
  -0.0071  
  -0.0071  
  -0.0071  
  -0.0075  
  -0.0075  
  -0.0075  
  -0.0075  

EFC_MARGIN
   0       
   0       
   0       
   0       
   0       
   0       
   0       
   0       
   0       
   0       
   0       
   0       
   0       
   0       
   0       
   0       
   0       
   0       
   0       
   0       
   0       
   0       
   0       
   0       
   0       
   0       
   0       
   0       
   0       
   0       
   0       
   0       
   0       
   0       
   0       
   0       
   0       
   0       
   0       
   0       
   0       
   0       

EFC_FRICTIONLOSS
   0.1     
   0.1     
   0.1     
   0.1     
   0.1     
   0.1     
   0.1     
   0.1     
   0.1     
   0.1     
   0.1     
   0.1     
   0.1     
   0.1     
   0.1     
   0.1     
   0.1     
   0.1     
   0       
   0       
   0       
   0       
   0       
   0       
   0       
   0       
   0       
   0       
   0       
   0       
   0       
   0       
   0       
   0       
   0       
   0       
   0       
   0       
   0       
   0       
   0       
   0       

EFC_DIAGAPPROX
   0.074   
   0.074   
   0.074   
   5.9     
   5.9     
   5.9     
   26      
   27      
   79      
   26      
   27      
   79      
   26      
   27      
   79      
   26      
   27      
   79      
   6       
   6       
   6       
   6       
   8.9     
   8.9     
   8.9     
   8.9     
   6       
   6       
   6       
   6       
   8.9     
   8.9     
   8.9     
   8.9     
   1       
   1       
   1       
   1       
   1       
   1       
   1       
   1       

EFC_KBIP
   0         1.1e+02   0.9       0       
   0         1.1e+02   0.9       0       
   0         1.1e+02   0.9       0       
   0         1.1e+02   0.9       0       
   0         1.1e+02   0.9       0       
   0         1.1e+02   0.9       0       
   0         1.1e+02   0.9       0       
   0         1.1e+02   0.9       0       
   0         1.1e+02   0.9       0       
   0         1.1e+02   0.9       0       
   0         1.1e+02   0.9       0       
   0         1.1e+02   0.9       0       
   0         1.1e+02   0.9       0       
   0         1.1e+02   0.9       0       
   0         1.1e+02   0.9       0       
   0         1.1e+02   0.9       0       
   0         1.1e+02   0.9       0       
   0         1.1e+02   0.9       0       
   2.8e+03   1.1e+02   0.95      0       
   2.8e+03   1.1e+02   0.95      0       
   2.8e+03   1.1e+02   0.95      0       
   2.8e+03   1.1e+02   0.95      0       
   2.8e+03   1.1e+02   0.95      0       
   2.8e+03   1.1e+02   0.95      0       
   2.8e+03   1.1e+02   0.95      0       
   2.8e+03   1.1e+02   0.95      0       
   2.8e+03   1.1e+02   0.95      0       
   2.8e+03   1.1e+02   0.95      0       
   2.8e+03   1.1e+02   0.95      0       
   2.8e+03   1.1e+02   0.95      0       
   2.8e+03   1.1e+02   0.95      0       
   2.8e+03   1.1e+02   0.95      0       
   2.8e+03   1.1e+02   0.95      0       
   2.8e+03   1.1e+02   0.95      0       
   2.8e+03   1.1e+02   0.95      0       
   2.8e+03   1.1e+02   0.95      0       
   2.8e+03   1.1e+02   0.95      0       
   2.8e+03   1.1e+02   0.95      0       
   2.8e+03   1.1e+02   0.95      0       
   2.8e+03   1.1e+02   0.95      0       
   2.8e+03   1.1e+02   0.95      0       
   2.8e+03   1.1e+02   0.95      0       

EFC_D
   1.2e+02 
   1.2e+02 
   1.2e+02 
   1.5     
   1.5     
   1.5     
   0.34    
   0.33    
   0.11    
   0.34    
   0.33    
   0.11    
   0.34    
   0.33    
   0.11    
   0.34    
   0.33    
   0.11    
   3.2     
   3.2     
   3.2     
   3.2     
   2.1     
   2.1     
   2.1     
   2.1     
   3.2     
   3.2     
   3.2     
   3.2     
   2.1     
   2.1     
   2.1     
   2.1     
   19      
   19      
   19      
   19      
   19      
   19      
   19      
   19      

EFC_R
   0.0082  
   0.0082  
   0.0082  
   0.65    
   0.65    
   0.65    
   2.9     
   3       
   8.8     
   2.9     
   3       
   8.8     
   2.9     
   3.1     
   8.8     
   2.9     
   3.1     
   8.8     
   0.32    
   0.32    
   0.32    
   0.32    
   0.47    
   0.47    
   0.47    
   0.47    
   0.32    
   0.32    
   0.32    
   0.32    
   0.47    
   0.47    
   0.47    
   0.47    
   0.053   
   0.053   
   0.053   
   0.053   
   0.053   
   0.053   
   0.053   
   0.053   

ACTUATOR_VELOCITY
  -0.18    
   0.89    
   0.63    
  -0.18    
  -0.0036  
   1.9     
  -0.73    
  -2.6     
   2.3     
  -3.4     
   1.5     
  -5       

CVEL
   0         0         0         0         0         0       
   0.82     -0.79     -0.21     -0.037     0.055     0.094   
   0.68     -0.9      -0.2      -0.033     0.051     0.1     
   0.11     -0.23     -0.15     -0.029     0.042     0.29    
  -0.3       0.25     -0.11      0.028     0.089     0.31    
  -0.3       0.25     -0.11      0.028     0.089     0.31    
   0.68     -0.9      -0.2      -0.035     0.051     0.086   
   0.68     -0.91     -0.2      -0.035     0.051     0.085   
  -0.58      0.57     -0.16      0.16      0.22      0.17    
  -0.58      0.57     -0.16      0.16      0.22      0.17    
   0.27     -1.3      -0.14     -0.022     0.042     0.13    
   1.9      -3.2      -0.32      0.076     0.084     0.58    
   0.43     -1.5      -0.16      0.19      0.25     -0.23    
   0.43     -1.5      -0.16      0.19      0.25     -0.23    
  -1.8      -3         0.11      0.00032  -0.013    -0.069   
  -2.7      -1.9       0.028    -0.03     -0.058    -0.33    
   0.54     -5.7       0.31     -0.4      -0.25      1.4     
   0.54     -5.7       0.31     -0.4      -0.25      1.4     

CDOF_DOT
   0         0         0         0         0         0       
   0         0         0         0         0         0       
   0         0         0         0         0         0       
  -0         0         0        -0.077     0.081    -0.059   
   0        -0         0        -0.085    -0.072    -0.018   
   0         0         0         0.03      0.063    -0.0049  
   0.21     -0.083     1.1      -0.028     0.11     -0.067   
   0.098     0.088    -0.067    -0.27     -0.21      0.005   
   0.098     0.088    -0.067    -0.21     -0.2       0.034   
   0.21     -0.083     1.1      -0.1       0.031    -0.058   
   0.13      0.11     -0.07     -0.25     -0.2       0.0035  
   0.13      0.11     -0.07     -0.087    -0.1       0.16    
   0.21     -0.083     1.1      -0.028     0.11     -0.067   
   0.022     0.074    -0.61      0.12     -0.028    -0.042   
   0.022     0.074    -0.61      0.71      0.28      0.41    
   0.21     -0.083     1.1      -0.1       0.031    -0.058   
   0.086    -0.17     -3.3       0.58     -0.27     -0.015   
   0.086    -0.17     -3.3       0.92     -0.75     -0.024   

QFRC_BIAS
  -1.7     
   1.7     
   1.5e+02 
   0.47    
   3.2     
  -1.2     
   1.2     
   0.52    
  -0.29    
  -1.1     
   0.38    
  -0.39    
   1.2     
   0.29    
  -0.49    
  -0.84    
   0.89    
  -0.35    

QFRC_SPRING
   0       
   0       
   0       
   0       
   0       
   0       
   0       
   0       
   0       
   0       
   0       
   0       
   0       
   0       
   0       
   0       
   0       
   0       

QFRC_DAMPER
   5.2e-05 
  -3.3e-05 
  -0.00011 
  -0.00013 
   0.0011  
   0.00015 
   0.00018 
  -0.00089 
  -0.00063 
   0.00018 
   3.6e-06 
  -0.0019  
   0.00073 
   0.0026  
  -0.0023  
   0.0034  
  -0.0015  
   0.005   

QFRC_GRAVCOMP
   0       
   0       
   0       
   0       
   0       
   0       
   0       
   0       
   0       
   0       
   0       
   0       
   0       
   0       
   0       
   0       
   0       
   0       

QFRC_FLUID
   0       
   0       
   0       
   0       
   0       
   0       
   0       
   0       
   0       
   0       
   0       
   0       
   0       
   0       
   0       
   0       
   0       
   0       

QFRC_PASSIVE
   5.2e-05 
  -3.3e-05 
  -0.00011 
  -0.00013 
   0.0011  
   0.00015 
   0.00018 
  -0.00089 
  -0.00063 
   0.00018 
   3.6e-06 
  -0.0019  
   0.00073 
   0.0026  
  -0.0023  
   0.0034  
  -0.0015  
   0.005   

EFC_VEL
  -0.052   
   0.033   
   0.11    
   0.13    
  -1.1     
  -0.15    
  -0.18    
   0.89    
   0.63    
  -0.18    
  -0.0036  
   1.9     
  -0.73    
  -2.6     
   2.3     
  -3.4     
   1.5     
  -5       
   0.24    
   0.24    
   0.26    
   0.22    
   0.24    
   0.24    
   0.26    
   0.22    
   0.022   
   0.0067  
   0.016   
   0.013   
   0.022   
   0.0067  
   0.016   
   0.013   
   0.033   
  -0.032   
   0.0064  
  -0.0052  
   0.0062  
  -0.0081  
  -0.0017  
  -0.00011 

EFC_AREF
   5.5     
  -3.5     
  -12      
  -13      
   1.2e+02 
   16      
   19      
  -93      
  -66      
   19      
   0.38    
  -2.1e+02 
   77      
   2.7e+02 
  -2.4e+02 
   3.6e+02 
  -1.5e+02 
   5.3e+02 
   7.3     
   6.8     
   4.8     
   9.3     
   7.8     
   7.2     
   5.3     
   9.7     
   4.7     
   6.3     
   5.4     
   5.6     
   4.8     
   6.5     
   5.5     
   5.8     
   15      
   22      
   18      
   19      
   19      
   21      
   20      
   20      

SUBTREE_LINVEL
   0         0         0       
   0         0         0       
   0         0         0       
   0         0         0       
   0         0         0       
   0         0         0       
   0         0         0       
   0         0         0       
   0         0         0       
   0         0         0       
   0         0         0       
   0         0         0       
   0         0         0       
   0         0         0       
   0         0         0       
   0         0         0       
   0         0         0       
   0         0         0       

SUBTREE_ANGMOM
   0         0         0       
   0         0         0       
   0         0         0       
   0         0         0       
   0         0         0       
   0         0         0       
   0         0         0       
   0         0         0       
   0         0         0       
   0         0         0       
   0         0         0       
   0         0         0       
   0         0         0       
   0         0         0       
   0         0         0       
   0         0         0       
   0         0         0       
   0         0         0       

ACTUATOR_FORCE
   3.7     
  -5.3     
   11      
   3.7     
  -1.5     
   17      
  -0.36    
  -1.9     
   8.3     
  -2       
   1.5     
  -3.4     

QFRC_ACTUATOR
   0       
   0       
   0       
   0       
   0       
   0       
   3.7     
  -5.3     
   11      
   3.7     
  -1.5     
   17      
  -0.36    
  -1.9     
   8.3     
  -2       
   1.5     
  -3.4     

QFRC_SMOOTH
   1.7     
  -1.7     
  -1.5e+02 
  -0.47    
  -3.2     
   1.2     
   2.5     
  -5.9     
   11      
   4.7     
  -1.8     
   17      
  -1.6     
  -2.2     
   8.8     
  -1.1     
   0.64    
  -3.1     

QACC_SMOOTH
   1.2     
  -0.9     
  -4.4     
  -37      
  -34      
   1.3     
   1.8e+02 
  -3.2e+02 
   7.7e+02 
   42      
  -2.3e+02 
   1e+03   
   88      
  -1.4e+02 
   5.1e+02 
   1.8     
   95      
  -2e+02   

EFC_B
  -4.3     
   2.6     
   7.6     
  -24      
  -1.5e+02 
  -15      
   1.6e+02 
  -2.3e+02 
   8.4e+02 
   23      
  -2.3e+02 
   1.2e+03 
   11      
  -4.1e+02 
   7.6e+02 
  -3.6e+02 
   2.5e+02 
  -7.2e+02 
  -89      
  -1.2e+02 
  -46      
  -1.6e+02 
  -91      
  -1.2e+02 
  -48      
  -1.6e+02 
  -2.1e+02 
  -1.2e+02 
  -1e+02   
  -2.3e+02 
  -2.1e+02 
  -1.2e+02 
  -1e+02   
  -2.3e+02 
  -23      
  -15      
  -20      
  -18      
  -31      
  -8.2     
  -18      
  -22      

EFC_FORCE
   0.1     
  -0.1     
  -0.1     
  -0.1     
   0.1     
   0.1     
   0.1     
  -0.1     
  -0.1     
  -0.1     
  -0.1     
  -0.1     
   0.1     
   0.1     
  -0.1     
   0.1     
  -0.1     
   0.1     
   10      
   21      
   19      
   13      
   8.2     
   16      
   14      
   10      
   11      
   20      
   14      
   17      
   7.7     
   14      
   9.8     
   12      
   2.9e+02 
   4.2e+02 
   3.4e+02 
   3.6e+02 
   3.7e+02 
   3.8e+02 
   3.7e+02 
   3.7e+02 

EFC_STATE
  2
  3
  3
  3
  2
  2
  2
  3
  3
  3
  3
  3
  2
  2
  3
  2
  3
  2
  1
  1
  1
  1
  1
  1
  1
  1
  1
  1
  1
  1
  1
  1
  1
  1
  1
  1
  1
  1
  1
  1
  1
  1

QFRC_CONSTRAINT
  -4.3     
  -34      
   2.2e+02 
  -4.2     
  -27      
  -0.94    
  -0.65    
   5.5     
  -10      
  -6.1     
   1.9     
  -16      
   0.1     
   0.1     
  -0.1     
   0.1     
  -0.1     
   0.1     

QFRC_INVERSE
   0       
   0       
   0       
   0       
   0       
   0       
   0       
   0       
   0       
   0       
   0       
   0       
   0       
   0       
   0       
   0       
   0       
   0       

CACC
   0         0         0         0         0         0       
   0         0         0         0         0         0       
   0         0         0         0         0         0       
   0         0         0         0         0         0       
   0         0         0         0         0         0       
   0         0         0         0         0         0       
   0         0         0         0         0         0       
   0         0         0         0         0         0       
   0         0         0         0         0         0       
   0         0         0         0         0         0       
   0         0         0         0         0         0       
   0         0         0         0         0         0       
   0         0         0         0         0         0       
   0         0         0         0         0         0       
   0         0         0         0         0         0       
   0         0         0         0         0         0       
   0         0         0         0         0         0       
   0         0         0         0         0         0       

CFRC_INT
   0         0         0         0         0         0       
   0         0         0         0         0         0       
   0         0         0         0         0         0       
   0         0         0         0         0         0       
   0         0         0         0         0         0       
   0         0         0         0         0         0       
   0         0         0         0         0         0       
   0         0         0         0         0         0       
   0         0         0         0         0         0       
   0         0         0         0         0         0       
   0         0         0         0         0         0       
   0         0         0         0         0         0       
   0         0         0         0         0         0       
   0         0         0         0         0         0       
   0         0         0         0         0         0       
   0         0         0         0         0         0       
   0         0         0         0         0         0       
   0         0         0         0         0         0       

CFRC_EXT
   0         0         0         0         0         0       
   0         0         0         0         0         0       
   0         0         0         0         0         0       
   0         0         0         0         0         0       
   0         0         0         0         0         0       
   0         0         0         0         0         0       
   0         0         0         0         0         0       
   0         0         0         0         0         0       
   0         0         0         0         0         0       
   0         0         0         0         0         0       
   0         0         0         0         0         0       
   0         0         0         0         0         0       
   0         0         0         0         0         0       
   0         0         0         0         0         0       
   0         0         0         0         0         0       
   0         0         0         0         0         0       
   0         0         0         0         0         0       
   0         0         0         0         0         0       

